# Track Animation Curve
# Total points: 400

1.66884 0 2.63672
1.66483 0 2.603
1.65947 0 2.56865
1.65279 0 2.53368
1.64481 0 2.4981
1.63556 0 2.46193
1.62508 0 2.42518
1.61338 0 2.38785
1.60051 0 2.34998
1.58648 0 2.31155
1.57133 0 2.2726
1.55508 0 2.23312
1.53777 0 2.19314
1.51942 0 2.15266
1.50006 0 2.11171
1.47972 0 2.07028
1.45843 0 2.0284
1.43621 0 1.98607
1.4131 0 1.94331
1.38912 0 1.90013
1.36431 0 1.85655
1.33868 0 1.81257
1.31228 0 1.76821
1.28512 0 1.72348
1.25724 0 1.67839
1.22867 0 1.63296
1.19943 0 1.5872
1.16956 0 1.54112
1.13907 0 1.49473
1.10801 0 1.44805
1.0764 0 1.40109
1.04426 0 1.35386
1.01163 0 1.30638
0.97853 0 1.25865
0.944997 0 1.21069
0.911056 0 1.16251
0.876736 0 1.11412
0.842064 0 1.06554
0.807071 0 1.01678
0.771784 0 0.967852
0.736233 0 0.918768
0.700445 0 0.869539
0.664449 0 0.820179
0.628275 0 0.770701
0.591951 0 0.721118
0.555504 0 0.671441
0.518965 0 0.621682
0.482361 0 0.571856
0.445722 0 0.521974
0.409075 0 0.472048
0.37245 0 0.422092
0.335875 0 0.372118
0.299379 0 0.322138
0.26299 0 0.272164
0.226737 0 0.22221
0.190649 0 0.172288
0.154754 0 0.12241
0.119081 0 0.0725892
0.0836591 0 0.022838
0.0485158 0 -0.0268312
0.0136805 0 -0.0764062
-0.0208185 0 -0.125874
-0.0549524 0 -0.175223
-0.0886922 0 -0.224439
-0.12201 0 -0.27351
-0.154877 0 -0.322424
-0.187264 0 -0.37117
-0.219143 0 -0.419732
-0.250484 0 -0.4681
-0.281261 0 -0.51626
-0.311443 0 -0.564201
-0.341002 0 -0.61191
-0.369911 0 -0.659374
-0.398139 0 -0.70658
-0.425658 0 -0.753517
-0.45244 0 -0.800171
-0.478456 0 -0.84653
-0.503678 0 -0.892582
-0.528076 0 -0.938313
-0.551623 0 -0.983713
-0.574288 0 -1.02877
-0.596045 0 -1.07346
-0.616864 0 -1.11779
-0.636717 0 -1.16173
-0.655574 0 -1.20528
-0.673409 0 -1.24843
-0.69019 0 -1.29115
-0.705891 0 -1.33343
-0.720482 0 -1.37528
-0.733936 0 -1.41666
-0.746222 0 -1.45758
-0.757313 0 -1.49801
-0.767179 0 -1.53795
-0.775793 0 -1.57738
-0.783127 0 -1.61629
-0.789149 0 -1.65466
-0.793833 0 -1.69249
-0.79715 0 -1.72976
-0.799071 0 -1.76647
-0.799568 0 -1.80258
-0.798611 0 -1.83811
-0.796183 0 -1.87302
-0.792301 0 -1.90733
-0.786997 0 -1.94103
-0.780299 0 -1.97411
-0.772236 0 -2.00658
-0.762838 0 -2.03843
-0.752134 0 -2.06967
-0.740154 0 -2.10029
-0.726927 0 -2.13028
-0.71248 0 -2.15966
-0.696846 0 -2.18841
-0.680052 0 -2.21653
-0.662129 0 -2.24403
-0.643104 0 -2.2709
-0.623008 0 -2.29714
-0.60187 0 -2.32275
-0.579719 0 -2.34772
-0.556585 0 -2.37207
-0.532496 0 -2.39577
-0.507483 0 -2.41884
-0.481574 0 -2.44126
-0.454798 0 -2.46305
-0.427186 0 -2.48419
-0.398766 0 -2.5047
-0.369568 0 -2.52455
-0.339621 0 -2.54376
-0.308954 0 -2.56232
-0.277597 0 -2.58022
-0.245578 0 -2.59748
-0.212928 0 -2.61408
-0.179675 0 -2.63003
-0.145849 0 -2.64532
-0.111479 0 -2.65996
-0.0765949 0 -2.67393
-0.0412253 0 -2.68724
-0.00539998 0 -2.6999
0.0308521 0 -2.71188
0.0675017 0 -2.7232
0.104519 0 -2.73385
0.141875 0 -2.74384
0.17954 0 -2.75315
0.217486 0 -2.76179
0.255682 0 -2.76976
0.2941 0 -2.77705
0.33271 0 -2.78366
0.371482 0 -2.7896
0.410388 0 -2.79486
0.449399 0 -2.79943
0.488484 0 -2.80332
0.527615 0 -2.80653
0.566762 0 -2.80905
0.605896 0 -2.81089
0.644988 0 -2.81203
0.684008 0 -2.81248
0.722927 0 -2.81225
0.761716 0 -2.81131
0.800345 0 -2.80968
0.838785 0 -2.80736
0.877008 0 -2.80433
0.914983 0 -2.80061
0.95268 0 -2.79618
0.990072 0 -2.79105
1.02713 0 -2.78522
1.06382 0 -2.77867
1.10012 0 -2.77142
1.13599 0 -2.76347
1.17141 0 -2.7548
1.20635 0 -2.74541
1.24078 0 -2.73531
1.27467 0 -2.7245
1.30799 0 -2.71297
1.3407 0 -2.70072
1.37279 0 -2.68775
1.40423 0 -2.67406
1.43497 0 -2.65964
1.465 0 -2.6445
1.49428 0 -2.62863
1.52279 0 -2.61203
1.55049 0 -2.59471
1.57736 0 -2.57665
1.60337 0 -2.55786
1.62848 0 -2.53833
1.65267 0 -2.51807
1.67591 0 -2.49707
1.69818 0 -2.47533
1.71943 0 -2.45285
1.73964 0 -2.42963
1.75879 0 -2.40566
1.77683 0 -2.38095
1.79375 0 -2.35549
1.80952 0 -2.32928
1.82409 0 -2.30232
1.83746 0 -2.27461
1.84958 0 -2.24615
1.86042 0 -2.21693
1.86997 0 -2.18696
1.87818 0 -2.15622
1.88503 0 -2.12473
1.89049 0 -2.09248
1.89453 0 -2.05946
1.89713 0 -2.02568
1.89831 0 -1.99116
1.8981 0 -1.95589
1.89652 0 -1.91991
1.8936 0 -1.88323
1.88937 0 -1.84585
1.88387 0 -1.8078
1.87711 0 -1.76909
1.86912 0 -1.72973
1.85994 0 -1.68975
1.84958 0 -1.64915
1.83809 0 -1.60795
1.82548 0 -1.56616
1.81179 0 -1.5238
1.79704 0 -1.48089
1.78126 0 -1.43744
1.76448 0 -1.39346
1.74672 0 -1.34897
1.72802 0 -1.30399
1.7084 0 -1.25852
1.68789 0 -1.21259
1.66653 0 -1.16621
1.64432 0 -1.11939
1.62131 0 -1.07215
1.59753 0 -1.02451
1.57299 0 -0.976473
1.54773 0 -0.92806
1.52178 0 -0.879285
1.49517 0 -0.830165
1.46791 0 -0.780712
1.44005 0 -0.730943
1.4116 0 -0.680872
1.3826 0 -0.630515
1.35307 0 -0.579885
1.32305 0 -0.528999
1.29255 0 -0.477869
1.26162 0 -0.426514
1.23027 0 -0.374945
1.19853 0 -0.323181
1.16644 0 -0.271232
1.13402 0 -0.219117
1.10129 0 -0.16685
1.06829 0 -0.114444
1.03505 0 -0.0619167
1.00158 0 -0.00928105
0.967931 0 0.0434475
0.934116 0 0.0962537
0.900166 0 0.149123
0.86611 0 0.202041
0.831977 0 0.254991
0.797793 0 0.30796
0.763587 0 0.360932
0.729387 0 0.413893
0.695221 0 0.466827
0.661116 0 0.519719
0.627102 0 0.572555
0.593205 0 0.62532
0.559453 0 0.677999
0.525876 0 0.730576
0.4925 0 0.783037
0.459353 0 0.835369
0.426466 0 0.887553
0.393862 0 0.939578
0.361574 0 0.991424
0.329626 0 1.04308
0.298048 0 1.09453
0.266867 0 1.14577
0.236113 0 1.19676
0.205811 0 1.24751
0.175991 0 1.29799
0.146681 0 1.34819
0.117908 0 1.39809
0.0897013 0 1.44769
0.0620875 0 1.49696
0.035095 0 1.54589
0.00875199 0 1.59446
-0.0169134 0 1.64266
-0.0418734 0 1.69049
-0.0661004 0 1.73791
-0.0895661 0 1.78491
-0.112242 0 1.83149
-0.134101 0 1.87762
-0.155115 0 1.9233
-0.175255 0 1.9685
-0.194494 0 2.01321
-0.212804 0 2.05741
-0.230157 0 2.1011
-0.246525 0 2.14425
-0.261878 0 2.18686
-0.276192 0 2.2289
-0.289436 0 2.27036
-0.301582 0 2.31123
-0.312604 0 2.35149
-0.322473 0 2.39112
-0.33116 0 2.43012
-0.338639 0 2.46847
-0.344881 0 2.50615
-0.349857 0 2.54314
-0.35354 0 2.57943
-0.355903 0 2.61502
-0.356926 0 2.64987
-0.356627 0 2.68401
-0.355034 0 2.71741
-0.352173 0 2.75009
-0.348073 0 2.78204
-0.342761 0 2.81327
-0.336263 0 2.84378
-0.328608 0 2.87357
-0.319822 0 2.90263
-0.309933 0 2.93098
-0.298968 0 2.9586
-0.286954 0 2.98551
-0.273919 0 3.0117
-0.25989 0 3.03717
-0.244895 0 3.06192
-0.228959 0 3.08596
-0.212112 0 3.10929
-0.19438 0 3.1319
-0.175791 0 3.1538
-0.156372 0 3.17498
-0.136149 0 3.19546
-0.115151 0 3.21522
-0.0934049 0 3.23428
-0.0709378 0 3.25262
-0.0477771 0 3.27026
-0.0239498 0 3.2872
0.000516316 0 3.30342
0.025594 0 3.31894
0.0512564 0 3.33376
0.0774758 0 3.34787
0.104225 0 3.36128
0.131477 0 3.37399
0.159204 0 3.38599
0.187379 0 3.3973
0.215974 0 3.4079
0.244964 0 3.41781
0.274318 0 3.42702
0.304012 0 3.43553
0.334016 0 3.44335
0.364306 0 3.45047
0.394852 0 3.4569
0.425627 0 3.46263
0.456604 0 3.46767
0.487756 0 3.47202
0.519056 0 3.47567
0.550476 0 3.47864
0.581989 0 3.48091
0.613567 0 3.4825
0.645184 0 3.4834
0.676812 0 3.48362
0.708424 0 3.48314
0.739991 0 3.48198
0.771489 0 3.48014
0.802888 0 3.47761
0.834161 0 3.4744
0.865282 0 3.47051
0.896223 0 3.46594
0.926956 0 3.46069
0.957454 0 3.45475
0.987691 0 3.44814
1.01764 0 3.44085
1.04727 0 3.43289
1.07656 0 3.42424
1.10547 0 3.41493
1.13399 0 3.40493
1.16208 0 3.39427
1.18972 0 3.38293
1.21687 0 3.37092
1.24352 0 3.35823
1.26964 0 3.34488
1.29519 0 3.33086
1.32015 0 3.31617
1.3445 0 3.30081
1.3682 0 3.28479
1.39123 0 3.26809
1.41356 0 3.25074
1.43516 0 3.23271
1.45601 0 3.21403
1.47609 0 3.19468
1.49535 0 3.17467
1.51377 0 3.154
1.53134 0 3.13267
1.54801 0 3.11068
1.56377 0 3.08803
1.57858 0 3.06472
1.59242 0 3.04075
1.60526 0 3.01613
1.61708 0 2.99085
1.62784 0 2.96492
1.63752 0 2.93834
1.64609 0 2.9111
1.65352 0 2.88321
1.65979 0 2.85467
1.66487 0 2.82548
1.66874 0 2.79564
1.67136 0 2.76515
1.6727 0 2.73401
1.67275 0 2.70223
1.67147 0 2.66979
